spawns: 
  default: 
    world: world
    x: -408.4511720387302
    y: 82.0
    z: -227.7877238456139
    yaw: -179.41797
    pitch: 9.600105
